method,label,target_name,n,n_classes,text_top1_target_rate,text_top1_source_rate,proto_top1_target_rate,proto_top1_source_rate,source_leak_text_rate,source_leak_proto_rate,mean_text_target_score,mean_text_target_minus_source,mean_proto_target_score,mean_proto_target_minus_source
bare,0,apple,500,1,0.976,0.0,0.936,0.0,0.0,0.0,0.2875620730817318,,0.9242093095779419,
bare,1,aquarium_fish,477,1,0.9245283018867925,0.0,0.7127882599580713,0.0,0.0,0.0,0.2598328746589725,,0.8800788340578539,
bare,2,baby,455,1,0.9582417582417583,0.0,0.9076923076923077,0.0,0.0,0.0,0.26892386822255104,,0.9092351009557536,
bare,3,bear,434,1,0.9792626728110599,0.0,0.9700460829493087,0.0,0.0,0.0,0.2756247484052236,,0.9079232342232207,
bare,4,beaver,415,1,0.5180722891566265,0.0,0.18072289156626506,0.0,0.0,0.0,0.2718219155288604,,0.9048636940588434,
bare,5,bed,396,1,0.9646464646464646,0.0,0.9671717171717171,0.0,0.0,0.0,0.2794115825208149,,0.9115131593713857,
bare,6,bee,378,1,0.9735449735449735,0.0,0.9365079365079365,0.0,0.0,0.0,0.2936829891469743,,0.9205918406683301,
bare,7,beetle,361,1,0.9196675900277008,0.0,0.518005540166205,0.0,0.0,0.0,0.2951474521216263,,0.8967793200815153,
bare,8,bicycle,344,1,0.9825581395348837,0.0,0.9767441860465116,0.0,0.0,0.0,0.2759990462556828,,0.9226039129980775,
bare,9,bottle,328,1,0.9603658536585366,0.0,0.8536585365853658,0.0,0.0,0.0,0.2811843241769366,,0.8967510694410743,
bare,10,bowl,314,1,0.6751592356687898,0.0,0.7038216560509554,0.0,0.0,0.0,0.27213920866418034,,0.8986174416769842,
bare,11,boy,299,1,0.9899665551839465,0.0,0.8896321070234113,0.0,0.0,0.0,0.2612686950626182,,0.9012043063457196,
bare,12,bridge,286,1,0.8776223776223776,0.0,0.6923076923076923,0.0,0.0,0.0,0.2660661394466887,,0.8979177126934478,
bare,13,bus,273,1,0.9706959706959707,0.0,0.978021978021978,0.0,0.0,0.0,0.2738362851487848,,0.8877031058618874,
bare,14,butterfly,260,1,0.9038461538461539,0.0,0.9423076923076923,0.0,0.0,0.0,0.2774610765278339,,0.9137640311167791,
bare,15,camel,248,1,0.9516129032258065,0.0,0.9274193548387096,0.0,0.0,0.0,0.29926376249040326,,0.9113286305819789,
bare,16,can,237,1,0.8481012658227848,0.0,0.7468354430379747,0.0,0.0,0.0,0.27740783926555374,,0.8804195457872962,
bare,17,castle,226,1,0.9557522123893806,0.0,0.9424778761061947,0.0,0.0,0.0,0.2552097708778044,,0.9045451341477115,
bare,18,caterpillar,216,1,0.7453703703703703,0.0,0.5972222222222222,0.0,0.0,0.0,0.2880684416051264,,0.8704144604228161,
bare,19,cattle,206,1,0.9902912621359223,0.0,0.9902912621359223,0.0,0.0,0.0,0.2937627271251771,,0.9117672090391511,
bare,20,chair,197,1,0.9796954314720813,0.0,0.8934010152284264,0.0,0.0,0.0,0.29280670259507174,,0.9118906153640166,
bare,21,chimpanzee,188,1,0.9840425531914894,0.0,0.9840425531914894,0.0,0.0,0.0,0.27827966443084656,,0.9131607191359743,
bare,22,clock,179,1,0.9832402234636871,0.0,0.9497206703910615,0.0,0.0,0.0,0.27550315873582937,,0.9122031980386659,
bare,23,cloud,171,1,0.8771929824561403,0.0,0.6783625730994152,0.0,0.0,0.0,0.2705628811790232,,0.93097431304162,
bare,24,cockroach,163,1,0.6012269938650306,0.0,0.6932515337423313,0.0,0.0,0.0,0.29578697288328887,,0.908837820854655,
bare,25,couch,156,1,0.8461538461538461,0.0,0.717948717948718,0.0,0.0,0.0,0.28331798381912404,,0.892734197469858,
bare,26,crab,149,1,0.9664429530201343,0.0,0.8523489932885906,0.0,0.0,0.0,0.30252002589654603,,0.8755646207988662,
bare,27,crocodile,142,1,0.8661971830985915,0.0,0.4507042253521127,0.0,0.0,0.0,0.2729941877261014,,0.8913870823215431,
bare,28,cup,135,1,0.9333333333333333,0.0,0.5037037037037037,0.0,0.0,0.0,0.28851252165105606,,0.8792778456652606,
bare,29,dinosaur,129,1,0.9069767441860465,0.0,0.7286821705426356,0.0,0.0,0.0,0.28215253353118896,,0.8805395286212596,
bare,30,dolphin,123,1,0.983739837398374,0.0,0.44715447154471544,0.0,0.0,0.0,0.28275777242048,,0.9211485531271958,
bare,31,elephant,118,1,0.9661016949152542,0.0,0.9491525423728814,0.0,0.0,0.0,0.2834462424961187,,0.9201258592686411,
bare,32,flatfish,112,1,0.6964285714285714,0.0,0.0,0.0,0.0,0.0,0.2767284106729286,,0.8638671774949346,
bare,33,forest,107,1,0.9065420560747663,0.0,0.8037383177570093,0.0,0.0,0.0,0.2730161209251279,,0.9145341147886259,
bare,34,fox,102,1,1.0,0.0,0.9607843137254902,0.0,0.0,0.0,0.29384112124349554,,0.9021468448872659,
bare,35,girl,98,1,0.9795918367346939,0.0,0.9897959183673469,0.0,0.0,0.0,0.2607679152671172,,0.9011971859299407,
bare,36,hamster,93,1,0.9139784946236559,0.0,0.8924731182795699,0.0,0.0,0.0,0.2868809929137589,,0.9293719703151334,
bare,37,house,89,1,1.0,0.0,1.0,0.0,0.0,0.0,0.25541275304354977,,0.8958322881312852,
bare,38,kangaroo,85,1,0.9647058823529412,0.0,0.788235294117647,0.0,0.0,0.0,0.2938256151535932,,0.9025904066422407,
bare,39,keyboard,81,1,0.9753086419753086,0.0,0.9506172839506173,0.0,0.0,0.0,0.2682835444991971,,0.8824008129261158,
bare,40,lamp,77,1,1.0,0.0,0.7402597402597403,0.0,0.0,0.0,0.2974240327036226,,0.9039617451754484,
bare,41,lawn_mower,74,1,1.0,0.0,0.9459459459459459,0.0,0.0,0.0,0.3123315999636779,,0.872768185428671,
bare,42,leopard,70,1,0.4142857142857143,0.0,0.14285714285714285,0.0,0.0,0.0,0.25455432874815803,,0.9108257072312491,
bare,43,lion,67,1,0.9701492537313433,0.0,1.0,0.0,0.0,0.0,0.27182464590713157,,0.9328663918509412,
bare,44,lizard,64,1,0.90625,0.0,0.765625,0.0,0.0,0.0,0.28117285622283816,,0.9019860737025738,
bare,45,lobster,61,1,0.5901639344262295,0.0,0.19672131147540983,0.0,0.0,0.0,0.27823232896015293,,0.8637572360820458,
bare,46,man,58,1,0.8103448275862069,0.0,0.9827586206896551,0.0,0.0,0.0,0.2301618104864811,,0.8739941726470816,
bare,47,maple_tree,56,1,1.0,0.0,0.9285714285714286,0.0,0.0,0.0,0.2911033018359116,,0.9264221542647907,
bare,48,motorcycle,53,1,0.9433962264150944,0.0,0.9622641509433962,0.0,0.0,0.0,0.2677160816372566,,0.9055655564901963,
bare,49,mountain,51,1,0.9803921568627451,0.0,0.9803921568627451,0.0,0.0,0.0,0.25893961331423593,,0.9292030579903546,
bare,50,mouse,48,1,0.9166666666666666,0.0,0.8333333333333334,0.0,0.0,0.0,0.28722350640843314,,0.9007230686644713,
bare,51,mushroom,46,1,0.9782608695652174,0.0,0.9565217391304348,0.0,0.0,0.0,0.29722369883371436,,0.8928290799908016,
bare,52,oak_tree,44,1,0.9772727272727273,0.0,0.8636363636363636,0.0,0.0,0.0,0.28490319373932754,,0.9338145730170336,
bare,53,orange,42,1,0.9523809523809523,0.0,0.8095238095238095,0.0,0.0,0.0,0.2934857603339922,,0.8905675524757022,
bare,54,orchid,40,1,1.0,0.0,0.95,0.0,0.0,0.0,0.2933166854083538,,0.9160392239689827,
bare,55,otter,38,1,0.7631578947368421,0.0,0.05263157894736842,0.0,0.0,0.0,0.27816811988228246,,0.8907752099790072,
bare,56,palm_tree,36,1,1.0,0.0,1.0,0.0,0.0,0.0,0.2782667014333937,,0.9416239890787337,
bare,57,pear,35,1,0.9714285714285714,0.0,0.7428571428571429,0.0,0.0,0.0,0.3114477004323687,,0.9126037359237671,
bare,58,pickup_truck,33,1,1.0,0.0,1.0,0.0,0.0,0.0,0.2695208684061513,,0.8994776570435726,
bare,59,pine_tree,32,1,0.8125,0.0,0.75,0.0,0.0,0.0,0.28176107024773955,,0.9372639283537865,
bare,60,plain,30,1,0.43333333333333335,0.0,0.43333333333333335,0.0,0.0,0.0,0.2562646195292473,,0.8954818328221639,
bare,61,plate,29,1,0.896551724137931,0.0,0.7586206896551724,0.0,0.0,0.0,0.26808513906495324,,0.8917983482623922,
bare,62,poppy,27,1,1.0,0.0,0.9629629629629629,0.0,0.0,0.0,0.30230270933221887,,0.8875798185666403,
bare,63,porcupine,26,1,0.8461538461538461,0.0,0.38461538461538464,0.0,0.0,0.0,0.28310316170637423,,0.8896332956277407,
bare,64,possum,25,1,0.56,0.0,0.24,0.0,0.0,0.0,0.2790830212831497,,0.9041369366645813,
bare,65,rabbit,24,1,0.9583333333333334,0.0,0.875,0.0,0.0,0.0,0.28928979113698006,,0.9141481816768646,
bare,66,raccoon,23,1,1.0,0.0,1.0,0.0,0.0,0.0,0.29587070449538855,,0.9227089700491532,
bare,67,ray,22,1,0.09090909090909091,0.0,0.13636363636363635,0.0,0.0,0.0,0.2547830912199887,,0.870185445655476,
bare,68,road,21,1,1.0,0.0,1.0,0.0,0.0,0.0,0.26174586585589815,,0.9310660163561503,
bare,69,rocket,20,1,1.0,0.0,1.0,0.0,0.0,0.0,0.26703531891107557,,0.8998178690671921,
bare,70,rose,19,1,0.8947368421052632,0.0,0.8421052631578947,0.0,0.0,0.0,0.27830642148068074,,0.9295573736491957,
bare,71,sea,18,1,0.8888888888888888,0.0,0.7777777777777778,0.0,0.0,0.0,0.2733713487784068,,0.9071750475300683,
bare,72,seal,17,1,0.8823529411764706,0.0,0.058823529411764705,0.0,0.0,0.0,0.27996550412739024,,0.8774124524172615,
bare,73,shark,16,1,0.75,0.0,0.125,0.0,0.0,0.0,0.26778691727668047,,0.8955826386809349,
bare,74,shrew,15,1,0.7333333333333333,0.0,0.13333333333333333,0.0,0.0,0.0,0.2900067587693532,,0.8992806712786356,
bare,75,skunk,15,1,0.9333333333333333,0.0,0.2,0.0,0.0,0.0,0.2995801190535227,,0.8890334844589234,
bare,76,skyscraper,14,1,1.0,0.0,1.0,0.0,0.0,0.0,0.25460270685809,,0.9239909436021533,
bare,77,snail,13,1,0.9230769230769231,0.0,0.46153846153846156,0.0,0.0,0.0,0.295483981187527,,0.8790028462043176,
bare,78,snake,13,1,1.0,0.0,0.3076923076923077,0.0,0.0,0.0,0.28613203076215893,,0.8727918221400335,
bare,79,spider,12,1,0.9166666666666666,0.0,0.75,0.0,0.0,0.0,0.28512229522069293,,0.8998015622297922,
bare,80,squirrel,12,1,0.6666666666666666,0.0,0.5,0.0,0.0,0.0,0.262925423681736,,0.910379042228063,
bare,81,streetcar,11,1,1.0,0.0,0.7272727272727273,0.0,0.0,0.0,0.2918891283598813,,0.8870701518925753,
bare,82,sunflower,11,1,1.0,0.0,1.0,0.0,0.0,0.0,0.2930563905022361,,0.9370956149968234,
bare,83,sweet_pepper,10,1,1.0,0.0,0.8,0.0,0.0,0.0,0.2935891330242157,,0.9114610135555268,
bare,84,table,10,1,0.9,0.0,0.7,0.0,0.0,0.0,0.2765743896365166,,0.8889570534229279,
bare,85,tank,9,1,1.0,0.0,1.0,0.0,0.0,0.0,0.2691833476225535,,0.8974446389410231,
bare,86,telephone,9,1,1.0,0.0,0.5555555555555556,0.0,0.0,0.0,0.2789892190032535,,0.8921534750196669,
bare,87,television,8,1,1.0,0.0,0.75,0.0,0.0,0.0,0.27333819307386875,,0.8715508207678795,
bare,88,tiger,8,1,1.0,0.0,0.5,0.0,0.0,0.0,0.2868872545659542,,0.8897244185209274,
bare,89,tractor,7,1,1.0,0.0,1.0,0.0,0.0,0.0,0.2868428443159376,,0.8821208647319249,
bare,90,train,7,1,1.0,0.0,1.0,0.0,0.0,0.0,0.26395350268908907,,0.8982519933155605,
bare,91,trout,7,1,0.5714285714285714,0.0,0.5714285714285714,0.0,0.0,0.0,0.2724880256823131,,0.892672768660954,
bare,92,tulip,6,1,1.0,0.0,0.0,0.0,0.0,0.0,0.2754182616869609,,0.9158477286497752,
bare,93,turtle,6,1,0.8333333333333334,0.0,0.5,0.0,0.0,0.0,0.285934641957283,,0.8879991273085276,
bare,94,wardrobe,6,1,1.0,0.0,0.6666666666666666,0.0,0.0,0.0,0.27799629668394726,,0.8917646706104279,
bare,95,whale,6,1,0.8333333333333334,0.0,0.8333333333333334,0.0,0.0,0.0,0.2765544503927231,,0.9350150922934214,
bare,96,willow_tree,5,1,1.0,0.0,0.0,0.0,0.0,0.0,0.2859826683998108,,0.8828630685806275,
bare,97,wolf,5,1,0.8,0.0,0.8,0.0,0.0,0.0,0.25206529796123506,,0.8824172139167785,
bare,98,woman,5,1,0.6,0.0,0.2,0.0,0.0,0.0,0.2273120552301407,,0.849245285987854,
bare,99,worm,5,1,0.8,0.0,0.0,0.0,0.0,0.0,0.26959519386291503,,0.8529502153396606,
diffusemix,0,apple,500,1,0.604,0.0,0.402,0.0,0.0,0.0,0.2560053431093693,,0.8925587178468705,
diffusemix,1,aquarium_fish,477,1,0.13417190775681342,0.0,0.24528301886792453,0.0,0.0,0.0,0.2210686545451982,,0.8947374613280067,
diffusemix,2,baby,455,1,0.2703296703296703,0.0,0.1912087912087912,0.0,0.0,0.0,0.22477675882669595,,0.8621019718411205,
diffusemix,3,bear,434,1,0.1175115207373272,0.0,0.1175115207373272,0.0,0.0,0.0,0.2214903430798636,,0.8810145445683035,
diffusemix,4,beaver,415,1,0.033734939759036145,0.0,0.07710843373493977,0.0,0.0,0.0,0.20938236781631608,,0.8992375119622932,
diffusemix,5,bed,396,1,0.14646464646464646,0.0,0.06313131313131314,0.0,0.0,0.0,0.2178101185897384,,0.8405165240319088,
diffusemix,6,bee,378,1,0.1455026455026455,0.0,0.06349206349206349,0.0,0.0,0.0,0.2193399633049334,,0.8882316291016876,
diffusemix,7,beetle,361,1,0.15789473684210525,0.0,0.10249307479224377,0.0,0.0,0.0,0.22989676740030832,,0.8872560535111256,
diffusemix,8,bicycle,344,1,0.5145348837209303,0.0,0.3313953488372093,0.0,0.0,0.0,0.23626718254283416,,0.8695530312698941,
diffusemix,9,bottle,328,1,0.6310975609756098,0.0,0.4268292682926829,0.0,0.0,0.0,0.24351493301006352,,0.8721340625751309,
diffusemix,10,bowl,314,1,0.12738853503184713,0.0,0.18471337579617833,0.0,0.0,0.0,0.22341740079176653,,0.8794100056787965,
diffusemix,11,boy,299,1,0.3177257525083612,0.0,0.2809364548494983,0.0,0.0,0.0,0.22147416639886172,,0.8666454605434252,
diffusemix,12,bridge,286,1,0.2062937062937063,0.0,0.26223776223776224,0.0,0.0,0.0,0.22098686848278645,,0.8813330633240146,
diffusemix,13,bus,273,1,0.31135531135531136,0.0,0.19413919413919414,0.0,0.0,0.0,0.22915283369494008,,0.8481814073118972,
diffusemix,14,butterfly,260,1,0.25,0.0,0.12692307692307692,0.0,0.0,0.0,0.2275431873706671,,0.8909973437969502,
diffusemix,15,camel,248,1,0.23387096774193547,0.0,0.12903225806451613,0.0,0.0,0.0,0.22605895605539122,,0.8649526836891328,
diffusemix,16,can,237,1,0.23628691983122363,0.0,0.38396624472573837,0.0,0.0,0.0,0.22209205953129232,,0.8680673887961021,
diffusemix,17,castle,226,1,0.29646017699115046,0.0,0.17699115044247787,0.0,0.0,0.0,0.22065693436734443,,0.8640034386014517,
diffusemix,18,caterpillar,216,1,0.08796296296296297,0.0,0.3472222222222222,0.0,0.0,0.0,0.22454373931719196,,0.9068967639296143,
diffusemix,19,cattle,206,1,0.48058252427184467,0.0,0.20388349514563106,0.0,0.0,0.0,0.24135229085544938,,0.8502575619128144,
diffusemix,20,chair,197,1,0.4010152284263959,0.0,0.1116751269035533,0.0,0.0,0.0,0.24235211327898926,,0.8258457195940356,
diffusemix,21,chimpanzee,188,1,0.2393617021276596,0.0,0.24468085106382978,0.0,0.0,0.0,0.2154861847136883,,0.8860978423915011,
diffusemix,22,clock,179,1,0.329608938547486,0.0,0.2737430167597765,0.0,0.0,0.0,0.2261977438820141,,0.8774732381271917,
diffusemix,23,cloud,171,1,0.2046783625730994,0.0,0.6081871345029239,0.0,0.0,0.0,0.22433112204423425,,0.91484823003847,
diffusemix,24,cockroach,163,1,0.10429447852760736,0.0,0.12883435582822086,0.0,0.0,0.0,0.2280833009013369,,0.8739635838321381,
diffusemix,25,couch,156,1,0.08974358974358974,0.0,0.07692307692307693,0.0,0.0,0.0,0.2126785113643377,,0.855477050328866,
diffusemix,26,crab,149,1,0.12080536912751678,0.0,0.10067114093959731,0.0,0.0,0.0,0.21855311035709893,,0.8956852375260935,
diffusemix,27,crocodile,142,1,0.028169014084507043,0.0,0.39436619718309857,0.0,0.0,0.0,0.2176517354140819,,0.9114738270430498,
diffusemix,28,cup,135,1,0.2222222222222222,0.0,0.18518518518518517,0.0,0.0,0.0,0.2285480657109508,,0.8690561029646132,
diffusemix,29,dinosaur,129,1,0.32558139534883723,0.0,0.16279069767441862,0.0,0.0,0.0,0.2319771590851998,,0.8752492767895839,
diffusemix,30,dolphin,123,1,0.18699186991869918,0.0,0.08130081300813008,0.0,0.0,0.0,0.21960788892536628,,0.8637352362880862,
diffusemix,31,elephant,118,1,0.17796610169491525,0.0,0.11864406779661017,0.0,0.0,0.0,0.22162822558213088,,0.8617303058252497,
diffusemix,32,flatfish,112,1,0.16071428571428573,0.0,0.20535714285714285,0.0,0.0,0.0,0.21947303494172438,,0.8917600246412414,
diffusemix,33,forest,107,1,0.32710280373831774,0.0,0.3177570093457944,0.0,0.0,0.0,0.22805182162289309,,0.9039205591255259,
diffusemix,34,fox,102,1,0.10784313725490197,0.0,0.06862745098039216,0.0,0.0,0.0,0.2200143037765634,,0.8746523231852288,
diffusemix,35,girl,98,1,0.4489795918367347,0.0,0.3469387755102041,0.0,0.0,0.0,0.2271844451220668,,0.8674353859862503,
diffusemix,36,hamster,93,1,0.3655913978494624,0.0,0.34408602150537637,0.0,0.0,0.0,0.23215066569466744,,0.8807261393916223,
diffusemix,37,house,89,1,0.30337078651685395,0.0,0.29213483146067415,0.0,0.0,0.0,0.22198986119768593,,0.8695599979229187,
diffusemix,38,kangaroo,85,1,0.18823529411764706,0.0,0.011764705882352941,0.0,0.0,0.0,0.22440527958028456,,0.8683350990800297,
diffusemix,39,keyboard,81,1,0.38271604938271603,0.0,0.35802469135802467,0.0,0.0,0.0,0.22433941618159967,,0.8917370865374435,
diffusemix,40,lamp,77,1,0.3116883116883117,0.0,0.1038961038961039,0.0,0.0,0.0,0.23044998208423714,,0.8750775355797309,
diffusemix,41,lawn_mower,74,1,0.3918918918918919,0.0,0.04054054054054054,0.0,0.0,0.0,0.232008504303726,,0.8241996426840086,
diffusemix,42,leopard,70,1,0.0,0.0,0.014285714285714285,0.0,0.0,0.0,0.20119318940809794,,0.8918909524168287,
diffusemix,43,lion,67,1,0.22388059701492538,0.0,0.1044776119402985,0.0,0.0,0.0,0.2209561402673152,,0.8668224847138818,
diffusemix,44,lizard,64,1,0.140625,0.0,0.078125,0.0,0.0,0.0,0.23227105825208127,,0.902035953477025,
diffusemix,45,lobster,61,1,0.04918032786885246,0.0,0.7704918032786885,0.0,0.0,0.0,0.2079335942131574,,0.9083687760790841,
diffusemix,46,man,58,1,0.4482758620689655,0.0,0.39655172413793105,0.0,0.0,0.0,0.21833720803260803,,0.8601812853895384,
diffusemix,47,maple_tree,56,1,0.4642857142857143,0.0,0.08928571428571429,0.0,0.0,0.0,0.24196990978504931,,0.885229515177863,
diffusemix,48,motorcycle,53,1,0.32075471698113206,0.0,0.1509433962264151,0.0,0.0,0.0,0.2315878873726107,,0.8505466760329481,
diffusemix,49,mountain,51,1,0.6470588235294118,0.0,0.4117647058823529,0.0,0.0,0.0,0.23782810335065804,,0.892382515411751,
diffusemix,50,mouse,48,1,0.020833333333333332,0.0,0.0625,0.0,0.0,0.0,0.2133583469937245,,0.8854467657705148,
diffusemix,51,mushroom,46,1,0.34782608695652173,0.0,0.10869565217391304,0.0,0.0,0.0,0.2315358202094617,,0.8863584438095922,
diffusemix,52,oak_tree,44,1,0.20454545454545456,0.0,0.045454545454545456,0.0,0.0,0.0,0.23882053115151144,,0.8886069072918459,
diffusemix,53,orange,42,1,0.5476190476190477,0.0,0.30952380952380953,0.0,0.0,0.0,0.24227335020190194,,0.8947442202340989,
diffusemix,54,orchid,40,1,0.225,0.0,0.575,0.0,0.0,0.0,0.23118640296161175,,0.9074822887778282,
diffusemix,55,otter,38,1,0.0,0.0,0.10526315789473684,0.0,0.0,0.0,0.1931537240743637,,0.89976388843436,
diffusemix,56,palm_tree,36,1,0.6944444444444444,0.0,0.5,0.0,0.0,0.0,0.2485858959456285,,0.8942333807547888,
diffusemix,57,pear,35,1,0.2857142857142857,0.0,0.2571428571428571,0.0,0.0,0.0,0.2264258921146393,,0.8796254072870527,
diffusemix,58,pickup_truck,33,1,0.42424242424242425,0.0,0.36363636363636365,0.0,0.0,0.0,0.2347680005160245,,0.8625804023309187,
diffusemix,59,pine_tree,32,1,0.5,0.0,0.09375,0.0,0.0,0.0,0.24084891425445676,,0.8967773113399744,
diffusemix,60,plain,30,1,0.4,0.0,0.43333333333333335,0.0,0.0,0.0,0.24038902868827183,,0.8985058387120565,
diffusemix,61,plate,29,1,0.3793103448275862,0.0,0.3103448275862069,0.0,0.0,0.0,0.2317138365630446,,0.8797413377926268,
diffusemix,62,poppy,27,1,0.18518518518518517,0.0,0.2222222222222222,0.0,0.0,0.0,0.23797303217428703,,0.8935847503167612,
diffusemix,63,porcupine,26,1,0.038461538461538464,0.0,0.0,0.0,0.0,0.0,0.21514548991735166,,0.8856717210549575,
diffusemix,64,possum,25,1,0.0,0.0,0.0,0.0,0.0,0.0,0.20829507648944856,,0.8764448475837707,
diffusemix,65,rabbit,24,1,0.125,0.0,0.0,0.0,0.0,0.0,0.22153161217768988,,0.8760679935415586,
diffusemix,66,raccoon,23,1,0.13043478260869565,0.0,0.08695652173913043,0.0,0.0,0.0,0.21682549429976422,,0.8779334918312405,
diffusemix,67,ray,22,1,0.0,0.0,0.5,0.0,0.0,0.0,0.21630557694218375,,0.9115624698725614,
diffusemix,68,road,21,1,0.38095238095238093,0.0,0.14285714285714285,0.0,0.0,0.0,0.2334292098170235,,0.8838214051155817,
diffusemix,69,rocket,20,1,0.35,0.0,0.15,0.0,0.0,0.0,0.2270705483853817,,0.8526041954755783,
diffusemix,70,rose,19,1,0.0,0.0,0.10526315789473684,0.0,0.0,0.0,0.2213466575271205,,0.889987355784366,
diffusemix,71,sea,18,1,0.2222222222222222,0.0,0.16666666666666666,0.0,0.0,0.0,0.23374753693739572,,0.8907606469260322,
diffusemix,72,seal,17,1,0.0,0.0,0.11764705882352941,0.0,0.0,0.0,0.19571764854823842,,0.9008667013224434,
diffusemix,73,shark,16,1,0.0625,0.0,0.0625,0.0,0.0,0.0,0.2137354565784335,,0.8883204199373722,
diffusemix,74,shrew,15,1,0.13333333333333333,0.0,0.0,0.0,0.0,0.0,0.21864836911360422,,0.8841760277748107,
diffusemix,75,skunk,15,1,0.2,0.0,0.4,0.0,0.0,0.0,0.2295347938934962,,0.9012904167175293,
diffusemix,76,skyscraper,14,1,0.14285714285714285,0.0,0.07142857142857142,0.0,0.0,0.0,0.21440052453960692,,0.8649961863245282,
diffusemix,77,snail,13,1,0.0,0.0,0.15384615384615385,0.0,0.0,0.0,0.2219582601235463,,0.89301598072052,
diffusemix,78,snake,13,1,0.23076923076923078,0.0,0.3076923076923077,0.0,0.0,0.0,0.23028814792633057,,0.9018050844852741,
diffusemix,79,spider,12,1,0.25,0.0,0.16666666666666666,0.0,0.0,0.0,0.23527559638023376,,0.890493576725324,
diffusemix,80,squirrel,12,1,0.0,0.0,0.0,0.0,0.0,0.0,0.20804246390859285,,0.9008017083009084,
diffusemix,81,streetcar,11,1,0.2727272727272727,0.0,0.36363636363636365,0.0,0.0,0.0,0.24107366529378024,,0.8885208151557229,
diffusemix,82,sunflower,11,1,0.7272727272727273,0.0,0.6363636363636364,0.0,0.0,0.0,0.25413179803978314,,0.9107780348170887,
diffusemix,83,sweet_pepper,10,1,0.6,0.0,0.3,0.0,0.0,0.0,0.26298603415489197,,0.8928535103797912,
diffusemix,84,table,10,1,0.2,0.0,0.1,0.0,0.0,0.0,0.22807565331459045,,0.8505550861358643,
diffusemix,85,tank,9,1,0.1111111111111111,0.0,0.1111111111111111,0.0,0.0,0.0,0.2187778784169091,,0.8162541654374864,
diffusemix,86,telephone,9,1,0.1111111111111111,0.0,0.0,0.0,0.0,0.0,0.21484042372968462,,0.8247398734092712,
diffusemix,87,television,8,1,0.5,0.0,0.125,0.0,0.0,0.0,0.2320941761136055,,0.8610754981637001,
diffusemix,88,tiger,8,1,0.0,0.0,0.0,0.0,0.0,0.0,0.203524649143219,,0.8831857293844223,
diffusemix,89,tractor,7,1,0.42857142857142855,0.0,0.14285714285714285,0.0,0.0,0.0,0.229277959891728,,0.8412183012281146,
diffusemix,90,train,7,1,0.14285714285714285,0.0,0.14285714285714285,0.0,0.0,0.0,0.22654256437505996,,0.8097867284502301,
diffusemix,91,trout,7,1,0.0,0.0,0.14285714285714285,0.0,0.0,0.0,0.2200239258153098,,0.9003517542566571,
diffusemix,92,tulip,6,1,0.3333333333333333,0.0,0.0,0.0,0.0,0.0,0.24462188283602396,,0.8899603088696798,
diffusemix,93,turtle,6,1,0.0,0.0,0.0,0.0,0.0,0.0,0.2215470423301061,,0.8625839054584503,
diffusemix,94,wardrobe,6,1,0.0,0.0,0.16666666666666666,0.0,0.0,0.0,0.2074510579307874,,0.85200168689092,
diffusemix,95,whale,6,1,0.16666666666666666,0.0,0.0,0.0,0.0,0.0,0.23277467985947928,,0.8550059795379639,
diffusemix,96,willow_tree,5,1,0.2,0.0,0.4,0.0,0.0,0.0,0.2134087175130844,,0.8836451768875122,
diffusemix,97,wolf,5,1,0.0,0.0,0.0,0.0,0.0,0.0,0.19881860315799713,,0.8402098536491394,
diffusemix,98,woman,5,1,0.0,0.0,0.4,0.0,0.0,0.0,0.22572996616363525,,0.882665479183197,
diffusemix,99,worm,5,1,0.6,0.0,0.2,0.0,0.0,0.0,0.23202594518661498,,0.9027905344963074,
h2t,0,apple,500,1,0.944,0.944,0.896,0.896,0.0,0.0,0.2822415536940098,0.0,0.9325439524650574,0.0
h2t,1,aquarium_fish,477,1,0.8658280922431866,0.8658280922431866,0.9161425576519916,0.9161425576519916,0.0,0.0,0.27027453425920234,0.0,0.920941850174398,0.0
h2t,2,baby,455,1,0.8483516483516483,0.8483516483516483,0.8505494505494505,0.8505494505494505,0.0,0.0,0.2581983480152193,0.0,0.9077630580126584,0.0
h2t,3,bear,434,1,0.8202764976958525,0.8202764976958525,0.7695852534562212,0.7695852534562212,0.0,0.0,0.26894510667856936,0.0,0.91696090371378,0.0
h2t,4,beaver,415,1,0.25783132530120484,0.25783132530120484,0.13975903614457832,0.13975903614457832,0.0,0.0,0.25859213004629295,0.0,0.9130285016025406,0.0
h2t,5,bed,396,1,0.7247474747474747,0.7247474747474747,0.7095959595959596,0.7095959595959596,0.0,0.0,0.26506489808812284,0.0,0.9083269605732928,0.0
h2t,6,bee,378,1,0.8518518518518519,0.8518518518518519,0.7645502645502645,0.7645502645502645,0.0,0.0,0.28030742464399844,0.0,0.9237081332812234,0.0
h2t,7,beetle,361,1,0.8227146814404432,0.8227146814404432,0.4709141274238227,0.4709141274238227,0.0,0.0,0.2853212599691592,0.0,0.907534303427403,0.0
h2t,8,bicycle,344,1,0.8546511627906976,0.8546511627906976,0.8255813953488372,0.8255813953488372,0.0,0.0,0.2696611630448768,0.0,0.9183166706284811,0.0
h2t,9,bottle,328,1,0.9176829268292683,0.9176829268292683,0.8780487804878049,0.8780487804878049,0.0,0.0,0.2625381239212868,0.0,0.9053709559687754,0.0
h2t,10,bowl,314,1,0.5382165605095541,0.5382165605095541,0.678343949044586,0.678343949044586,0.0,0.0,0.2575648771065056,0.0,0.8986926934901317,0.0
h2t,11,boy,299,1,0.8394648829431438,0.8394648829431438,0.7859531772575251,0.7859531772575251,0.0,0.0,0.25056063201913864,0.0,0.9033435975827501,0.0
h2t,12,bridge,286,1,0.8461538461538461,0.8461538461538461,0.7972027972027972,0.7972027972027972,0.0,0.0,0.2576665264534784,0.0,0.9118124888493464,0.0
h2t,13,bus,273,1,0.7509157509157509,0.7509157509157509,0.7582417582417582,0.7582417582417582,0.0,0.0,0.2626521108678846,0.0,0.9004386429821615,0.0
h2t,14,butterfly,260,1,0.7307692307692307,0.7307692307692307,0.7884615384615384,0.7884615384615384,0.0,0.0,0.2679204394037907,0.0,0.9218441188335419,0.0
h2t,15,camel,248,1,0.9153225806451613,0.9153225806451613,0.8104838709677419,0.8104838709677419,0.0,0.0,0.2861821665879219,0.0,0.909688928675267,0.0
h2t,16,can,237,1,0.7890295358649789,0.7890295358649789,0.810126582278481,0.810126582278481,0.0,0.0,0.2586545654364276,0.0,0.8908548367677359,0.0
h2t,17,castle,226,1,0.9247787610619469,0.9247787610619469,0.8716814159292036,0.8716814159292036,0.0,0.0,0.2626960758218723,0.0,0.9015588731364866,0.0
h2t,18,caterpillar,216,1,0.5833333333333334,0.5833333333333334,0.75,0.75,0.0,0.0,0.2683087188612532,0.0,0.9081342018864773,0.0
h2t,19,cattle,206,1,0.970873786407767,0.970873786407767,0.9368932038834952,0.9368932038834952,0.0,0.0,0.28639850244649406,0.0,0.9164622313189275,0.0
h2t,20,chair,197,1,0.9593908629441624,0.9593908629441624,0.8071065989847716,0.8071065989847716,0.0,0.0,0.28167881616178503,0.0,0.9175649947926477,0.0
h2t,21,chimpanzee,188,1,0.9574468085106383,0.9574468085106383,0.925531914893617,0.925531914893617,0.0,0.0,0.28193654112042266,0.0,0.9200668835893591,0.0
h2t,22,clock,179,1,0.9441340782122905,0.9441340782122905,0.888268156424581,0.888268156424581,0.0,0.0,0.26412219341906756,0.0,0.9066290895366136,0.0
h2t,23,cloud,171,1,0.8304093567251462,0.8304093567251462,0.9005847953216374,0.9005847953216374,0.0,0.0,0.26700962339228357,0.0,0.946274147047634,0.0
h2t,24,cockroach,163,1,0.37423312883435583,0.37423312883435583,0.9079754601226994,0.9079754601226994,0.0,0.0,0.28278198563979445,0.0,0.9218717403938433,0.0
h2t,25,couch,156,1,0.6282051282051282,0.6282051282051282,0.5705128205128205,0.5705128205128205,0.0,0.0,0.2678232850172581,0.0,0.9068118876371628,0.0
h2t,26,crab,149,1,0.7919463087248322,0.7919463087248322,0.6174496644295302,0.6174496644295302,0.0,0.0,0.2753255234268688,0.0,0.9144458146703324,0.0
h2t,27,crocodile,142,1,0.6830985915492958,0.6830985915492958,0.5,0.5,0.0,0.0,0.27039380151201303,0.0,0.9107122601757587,0.0
h2t,28,cup,135,1,0.7111111111111111,0.7111111111111111,0.6444444444444445,0.6444444444444445,0.0,0.0,0.2634338468313217,0.0,0.899936999656536,0.0
h2t,29,dinosaur,129,1,0.8294573643410853,0.8294573643410853,0.8217054263565892,0.8217054263565892,0.0,0.0,0.2763537162727164,0.0,0.908143628475278,0.0
h2t,30,dolphin,123,1,0.37398373983739835,0.024390243902439025,0.2926829268292683,0.024390243902439025,0.18699186991869918,0.5040650406504065,0.2557827571058661,0.02815354936491183,0.8943974017127743,0.001154039448838893
h2t,31,elephant,118,1,0.635593220338983,0.06779661016949153,0.559322033898305,0.11016949152542373,0.17796610169491525,0.3220338983050847,0.26490547811075793,0.028908552759784763,0.9125338206856938,0.014282011379629879
h2t,32,flatfish,112,1,0.3482142857142857,0.05357142857142857,0.03571428571428571,0.13392857142857142,0.16964285714285715,0.6964285714285714,0.2535312351371561,0.019687871980879987,0.8922937837030206,-0.007863439619541168
h2t,33,forest,107,1,0.11214953271028037,0.14018691588785046,0.102803738317757,0.3364485981308411,0.4953271028037383,0.794392523364486,0.22899044548796715,-0.0028258454855357375,0.8937830663172999,-0.0187247122559592
h2t,34,fox,102,1,0.4019607843137255,0.0392156862745098,0.3137254901960784,0.049019607843137254,0.19607843137254902,0.37254901960784315,0.2544160196009804,0.028463230559638904,0.9073721661287195,0.01104515089708216
h2t,35,girl,98,1,0.5204081632653061,0.19387755102040816,0.45918367346938777,0.19387755102040816,0.29591836734693877,0.3673469387755102,0.23958805066590405,0.009156258738770778,0.8835373940516491,0.0020448930409489845
h2t,36,hamster,93,1,0.46236559139784944,0.0,0.41935483870967744,0.053763440860215055,0.10752688172043011,0.3118279569892473,0.26342073515538245,0.029443158257392146,0.9102619860761909,0.01798126261721375
h2t,37,house,89,1,0.6629213483146067,0.12359550561797752,0.6629213483146067,0.12359550561797752,0.21348314606741572,0.2808988764044944,0.24668415610709887,0.027788704198397948,0.8895329069555475,0.021359872282221075
h2t,38,kangaroo,85,1,0.6235294117647059,0.10588235294117647,0.27058823529411763,0.16470588235294117,0.16470588235294117,0.4117647058823529,0.2657999177189434,0.026337979996905608,0.9114232294699725,0.007411285007701201
h2t,39,keyboard,81,1,0.3333333333333333,0.12345679012345678,0.2962962962962963,0.19753086419753085,0.30864197530864196,0.4691358024691358,0.2327995495295819,0.009006128634935544,0.8846746764065306,0.003914446742446335
h2t,40,lamp,77,1,0.42857142857142855,0.19480519480519481,0.2597402597402597,0.35064935064935066,0.4025974025974026,0.5584415584415584,0.2459871010346846,0.01012415351805749,0.8842727758667686,-0.0019966278757367817
h2t,41,lawn_mower,74,1,0.5135135135135135,0.21621621621621623,0.10810810810810811,0.2972972972972973,0.3783783783783784,0.6756756756756757,0.24694114218692523,0.011960387834020564,0.8421431594603771,-0.021592343981201585
h2t,42,leopard,70,1,0.2,0.1,0.2,0.15714285714285714,0.4857142857142857,0.5,0.2376485933150564,0.00331911849124091,0.9127907616751535,-0.0013791756970541818
h2t,43,lion,67,1,0.3880597014925373,0.1791044776119403,0.34328358208955223,0.19402985074626866,0.3880597014925373,0.43283582089552236,0.2505755386690595,0.006441434817527657,0.9113128042932767,0.0038421340842745197
h2t,44,lizard,64,1,0.40625,0.21875,0.40625,0.265625,0.25,0.515625,0.25899850064888597,0.008456787560135126,0.902806325815618,0.0009036166593432426
h2t,45,lobster,61,1,0.03278688524590164,0.3442622950819672,0.13114754098360656,0.32786885245901637,0.7540983606557377,0.6885245901639344,0.23683779454622111,-0.012567155673855641,0.8962248749420291,-0.00983928168406252
h2t,46,man,58,1,0.4827586206896552,0.1206896551724138,0.5,0.1896551724137931,0.22413793103448276,0.39655172413793105,0.22855809151098647,0.007901698093989799,0.8698916003621858,0.006438874992831
h2t,47,maple_tree,56,1,0.0,0.32142857142857145,0.017857142857142856,0.39285714285714285,0.5535714285714286,0.5892857142857143,0.22451603359409741,-0.013075560597436768,0.8851837281669889,-0.01816845898117338
h2t,48,motorcycle,53,1,0.22641509433962265,0.20754716981132076,0.1509433962264151,0.24528301886792453,0.4716981132075472,0.7358490566037735,0.2326704021894707,0.00012821690091546976,0.8551282579044126,-0.021169492658579123
h2t,49,mountain,51,1,0.47058823529411764,0.2549019607843137,0.39215686274509803,0.27450980392156865,0.4117647058823529,0.47058823529411764,0.24665063561177722,0.011579890753708634,0.8976879178308973,0.004145631603166169
h2t,50,mouse,48,1,0.3958333333333333,0.020833333333333332,0.5208333333333334,0.08333333333333333,0.125,0.22916666666666666,0.263251945686837,0.03366293137272199,0.916782271116972,0.017721838007370632
h2t,51,mushroom,46,1,0.4782608695652174,0.13043478260869565,0.3695652173913043,0.1956521739130435,0.21739130434782608,0.43478260869565216,0.2596675497682198,0.029023199949575508,0.9017955466457035,0.0039116286713144054
h2t,52,oak_tree,44,1,0.09090909090909091,0.22727272727272727,0.06818181818181818,0.3181818181818182,0.5909090909090909,0.5454545454545454,0.22533230618997055,-0.006432469595562328,0.8976055424321782,-0.005311527035453103
h2t,53,orange,42,1,0.07142857142857142,0.42857142857142855,0.047619047619047616,0.4523809523809524,0.7619047619047619,0.8809523809523809,0.22608084089699246,-0.02447415427083061,0.8712054306552524,-0.032169925315039496
h2t,54,orchid,40,1,0.525,0.15,0.45,0.3,0.275,0.475,0.2577561058104038,0.016153063252568246,0.9099856227636337,0.0004166841506958008
h2t,55,otter,38,1,0.15789473684210525,0.18421052631578946,0.13157894736842105,0.15789473684210525,0.34210526315789475,0.42105263157894735,0.25587421185091924,0.011755566455815969,0.9080537463489332,0.001068808530506335
h2t,56,palm_tree,36,1,0.4722222222222222,0.1111111111111111,0.1388888888888889,0.6111111111111112,0.3611111111111111,0.75,0.2476179583205117,0.009479778508345285,0.8885742127895355,-0.027018219232559204
h2t,57,pear,35,1,0.34285714285714286,0.34285714285714286,0.2571428571428571,0.4,0.4,0.5714285714285714,0.26388385806764875,0.016187718510627745,0.8992303933416094,-0.004043281078338623
h2t,58,pickup_truck,33,1,0.2727272727272727,0.24242424242424243,0.15151515151515152,0.2727272727272727,0.48484848484848486,0.6060606060606061,0.23069398150299536,-0.003189584522536307,0.8518060210979346,-0.01659219012115941
h2t,59,pine_tree,32,1,0.1875,0.21875,0.0625,0.46875,0.5625,0.75,0.2343546855263412,-0.0069809784181416035,0.8911895491182804,-0.02326103299856186
h2t,60,plain,30,1,0.1,0.36666666666666664,0.03333333333333333,0.6,0.5333333333333333,0.8333333333333334,0.23932767609755198,-0.005983385940392812,0.8665146668752034,-0.030386658509572347
h2t,61,plate,29,1,0.3103448275862069,0.3103448275862069,0.1724137931034483,0.4482758620689655,0.41379310344827586,0.6206896551724138,0.2404993762230051,0.0013386828118357166,0.8809822016748888,-0.006613593676994587
h2t,62,poppy,27,1,0.037037037037037035,0.1111111111111111,0.1111111111111111,0.25925925925925924,0.3333333333333333,0.7777777777777778,0.24500239999205978,0.003725266566982976,0.9043520777313797,-0.0109255556707029
h2t,63,porcupine,26,1,0.19230769230769232,0.038461538461538464,0.11538461538461539,0.15384615384615385,0.23076923076923078,0.5,0.2545669944240497,0.008553984073492197,0.8991608550915351,-0.0027892795892862175
h2t,64,possum,25,1,0.2,0.04,0.08,0.04,0.24,0.28,0.2508125650882721,0.019468443989753722,0.9061462926864624,0.01219280481338501
h2t,65,rabbit,24,1,0.5833333333333334,0.08333333333333333,0.2916666666666667,0.041666666666666664,0.25,0.3333333333333333,0.2569894529879093,0.03430067437390486,0.9051749284068743,0.011038576563199362
h2t,66,raccoon,23,1,0.5217391304347826,0.043478260869565216,0.30434782608695654,0.08695652173913043,0.17391304347826086,0.391304347826087,0.25424353583999304,0.02506787815819616,0.9106275413347327,0.009734793849613356
h2t,67,ray,22,1,0.0,0.09090909090909091,0.045454545454545456,0.18181818181818182,0.5909090909090909,0.5454545454545454,0.24285664680329236,0.00042777169834483755,0.8996894440867684,-0.0041079575365239925
h2t,68,road,21,1,0.2857142857142857,0.23809523809523808,0.2857142857142857,0.3333333333333333,0.5238095238095238,0.5714285714285714,0.23553710537297384,0.0004282189267022269,0.8790495878174192,-0.013916285265059699
h2t,69,rocket,20,1,0.5,0.1,0.15,0.3,0.25,0.75,0.24281138703227043,0.016236134618520737,0.8758204758167267,-0.02071499526500702
h2t,70,rose,19,1,0.21052631578947367,0.05263157894736842,0.15789473684210525,0.21052631578947367,0.3157894736842105,0.6842105263157895,0.24771873103944878,0.01326393296844081,0.8916886699827093,-0.008827011836202521
h2t,71,sea,18,1,0.16666666666666666,0.1111111111111111,0.05555555555555555,0.3888888888888889,0.6111111111111112,0.6666666666666666,0.23126635038190418,-0.0074357762932777405,0.8768032093842825,-0.018240716722276475
h2t,72,seal,17,1,0.23529411764705882,0.17647058823529413,0.17647058823529413,0.17647058823529413,0.4117647058823529,0.5882352941176471,0.25175997965476093,0.011892251232091118,0.9015509100521312,-0.00086060692282284
h2t,73,shark,16,1,0.25,0.0,0.1875,0.125,0.4375,0.5,0.2501649260520935,0.007848085835576057,0.8889775834977627,-0.003999970853328705
h2t,74,shrew,15,1,0.3333333333333333,0.06666666666666667,0.13333333333333333,0.2,0.26666666666666666,0.6,0.26159040729204813,0.01943904161453247,0.905958644549052,-0.002889708677927653
h2t,75,skunk,15,1,0.6,0.06666666666666667,0.2,0.06666666666666667,0.2,0.2,0.26684692402680715,0.03299251794815063,0.8993857781092326,0.009481525421142578
h2t,76,skyscraper,14,1,0.5,0.35714285714285715,0.42857142857142855,0.21428571428571427,0.42857142857142855,0.5,0.2421220083321844,0.001964139086859567,0.8831107573849815,-0.011943621294839042
h2t,77,snail,13,1,0.38461538461538464,0.07692307692307693,0.3076923076923077,0.15384615384615385,0.15384615384615385,0.6153846153846154,0.2602997754628842,0.01993687221637139,0.8980942460206839,0.004414008213923528
h2t,78,snake,13,1,0.23076923076923078,0.3076923076923077,0.0,0.6923076923076923,0.6153846153846154,1.0,0.2553976865915152,-0.0030226718920927783,0.8897618192892808,-0.031202105375436637
h2t,79,spider,12,1,0.16666666666666666,0.3333333333333333,0.16666666666666666,0.4166666666666667,0.75,0.75,0.25198205063740414,-0.009865986804167429,0.8980642904837927,-0.012862781683603922
h2t,80,squirrel,12,1,0.25,0.0,0.08333333333333333,0.08333333333333333,0.08333333333333333,0.4166666666666667,0.2545064501464367,0.024517084161440533,0.9182301859060923,0.006191139419873555
h2t,81,streetcar,11,1,0.5454545454545454,0.09090909090909091,0.36363636363636365,0.0,0.18181818181818182,0.2727272727272727,0.2550052756612951,0.030898179520260204,0.8682753552090038,0.010487144643610174
h2t,82,sunflower,11,1,0.36363636363636365,0.09090909090909091,0.18181818181818182,0.2727272727272727,0.45454545454545453,0.7272727272727273,0.25068850679831073,0.010758840224959633,0.8767258470708673,-0.02326520464637063
h2t,83,sweet_pepper,10,1,0.2,0.2,0.0,0.4,0.4,0.8,0.2448785498738289,0.004216605424880981,0.8714683830738068,-0.02145363688468933
h2t,84,table,10,1,0.3,0.3,0.3,0.3,0.4,0.5,0.25518419444561,-0.0006221354007720948,0.9014661431312561,-0.011432880163192749
h2t,85,tank,9,1,0.0,0.2222222222222222,0.0,0.3333333333333333,0.5555555555555556,1.0,0.21890430649121603,-0.005016805397139655,0.8119990560743544,-0.07993768983417088
h2t,86,telephone,9,1,0.5555555555555556,0.0,0.3333333333333333,0.1111111111111111,0.2222222222222222,0.4444444444444444,0.24253710442119175,0.03340262836880154,0.8508497873942057,0.003290202882554796
h2t,87,television,8,1,0.125,0.0,0.125,0.125,0.5,0.75,0.2332447748631239,0.0018880441784858704,0.8547830581665039,-0.008523941040039062
h2t,88,tiger,8,1,0.25,0.125,0.25,0.125,0.375,0.5,0.23644757084548473,0.011047333478927612,0.8970504850149155,-0.005412794649600983
h2t,89,tractor,7,1,0.42857142857142855,0.0,0.42857142857142855,0.14285714285714285,0.2857142857142857,0.42857142857142855,0.2601766139268875,0.03329719390187945,0.8794003469603402,0.008333861827850342
h2t,90,train,7,1,0.8571428571428571,0.0,0.42857142857142855,0.42857142857142855,0.14285714285714285,0.5714285714285714,0.2561063085283552,0.025417808975492204,0.8657686454909188,-0.006910460335867745
h2t,91,trout,7,1,0.2857142857142857,0.2857142857142857,0.14285714285714285,0.42857142857142855,0.42857142857142855,0.8571428571428571,0.24533513826983316,0.0061589522021157405,0.8764764581407819,-0.024731993675231934
h2t,92,tulip,6,1,0.6666666666666666,0.0,0.5,0.3333333333333333,0.3333333333333333,0.5,0.26198099305232364,0.015029191970825195,0.8883462647596995,-0.014003415902455648
h2t,93,turtle,6,1,0.0,0.5,0.0,0.5,0.5,1.0,0.24001987526814142,-0.004344093302885692,0.9011707107226054,-0.03118582566579183
h2t,94,wardrobe,6,1,0.5,0.16666666666666666,0.16666666666666666,0.16666666666666666,0.5,0.8333333333333334,0.24065058181683222,0.0046296144525210066,0.866523822148641,-0.02706238627433777
h2t,95,whale,6,1,0.3333333333333333,0.0,0.0,0.0,0.3333333333333333,1.0,0.25057777514060336,0.009855834146340689,0.810260941584905,-0.0804863969484965
h2t,96,willow_tree,5,1,0.2,0.4,0.0,0.4,0.4,0.6,0.227903813123703,-0.014157867431640625,0.905481219291687,-0.018626296520233156
h2t,97,wolf,5,1,0.6,0.0,0.6,0.0,0.2,0.2,0.2525951981544495,0.028331589698791505,0.8884843707084655,0.008371269702911377
h2t,98,woman,5,1,0.4,0.0,0.2,0.2,0.2,0.6,0.23867925703525544,0.010308241844177246,0.8697250723838806,-0.004238164424896241
h2t,99,worm,5,1,0.4,0.2,0.0,0.4,0.4,0.8,0.2500055760145187,-0.004391443729400635,0.8569454550743103,-0.03990849256515503
